  100 0   100 0   100 0   100 0   100 0   100 0   100 0   100 0   100 0   100 0   100 0   100 0   100 0   100 0   100 0   100 0   100 0   100 0   100 0   100 0   100 0   100 0   100 0   100 0   100 0   100 0 
  100 0   100 0   100 0   100 0   100 0   100 0   100 0   100 0   100 0   100 0   100 0   100 0   100 0   100 0   100 0   100 0   100 0   100 0   100 0   100 0   100 0   100 0   100 0   100 0   100 0   100 0 
  100 0   100 0   100 0   100 0   100 0   100 0   100 0   100 0   100 0   100 0   100 0   100 0   100 0   100 0   100 0   100 0   100 0   100 0   100 0   100 0   100 0   100 0   100 0   100 0   100 0   100 0 
  100 0   100 0   100 0   100 0   100 0   100 0   100 0   100 0   100 0   100 0   100 0   100 0   100 0   100 0   100 0   100 0   100 0   100 0   100 0   100 0   100 0   100 0   100 0   100 0   100 0   100 0 
  100 0   100 0   100 0   100 0   100 0   100 0   100 0   100 0   100 0   100 0   100 0   100 0   100 0   100 0   100 0   100 0   100 0   100 0   100 0   100 0   100 0   100 0   100 0   100 0   100 0   100 0 
  100 0   100 0   100 0   100 0   100 0   100 0   100 0   100 0   100 0   100 0   100 0   100 0   100 0   100 0   100 0   100 0   100 0   100 0   100 0   100 0   100 0   100 0   100 0   100 0   100 0   100 0 
  100 0   100 0   100 0   100 0   100 0   100 0   100 0   100 0   100 0   100 0   100 0   100 0   100 0   100 0   100 0   100 0   100 0   100 0   100 0   100 0   100 0   100 0   100 0   100 0   100 0   100 0 
  100 0   100 0   100 0   100 0   100 0   100 0   100 0   100 0   100 0   100 0   100 0   100 0   100 0   100 0   100 0   100 0   100 0   100 0   100 0   100 0   100 0   100 0   100 0   100 0   100 0   100 0 
  100 0   100 0   100 0   100 0   100 0   100 0   100 0   100 0   100 0   100 0   100 0   100 0   100 0   100 0   100 0   100 0   100 0   100 0   100 0   100 0   100 0   100 0   100 0   100 0   100 0   100 0 
  100 0   100 0   100 0   100 0   100 0   100 0   100 0   100 0   100 0   100 0   100 0   100 0   100 0   100 0   100 0   100 0   100 0   100 0   100 0   100 0   100 0   100 0   100 0   100 0   100 0   100 0 
  100 0   100 0   100 0   100 0   100 0   100 0   100 0   100 0   100 0   100 0   100 0   100 0   100 0   100 0   100 0   100 0   100 0   100 0   100 0   100 0   100 0   100 0   100 0   100 0   100 0   100 0 
  100 0   100 0   100 0   100 0   100 0   100 0   100 0   100 0   100 0   100 0   100 0   100 0   100 0   100 0   100 0   100 0   100 0   100 0   100 0   100 0   100 0   100 0   100 0   100 0   100 0   100 0 
  100 0   100 0   100 0   100 0   100 0   100 0   100 0   100 0   100 0   100 0   100 0   100 0   100 0   100 0   100 0   100 0   100 0   100 0   100 0   100 0   100 0   100 0   100 0   100 0   100 0   100 0 
  100 0   100 0   100 0   100 0   100 0   100 0   100 0   100 0   100 0   100 0   100 0   100 0   100 0   100 0   100 0   100 0   100 0   100 0   100 0   100 0   100 0   100 0   100 0   100 0   100 0   100 0 
  100 0   100 0 G 30 0   100 0   100 0   100 0   100 0   100 0   100 0   100 0   100 0   100 0   100 0   100 0   100 0   100 0   100 0   100 0   100 0   100 0   100 0   100 0   100 0   100 0   100 0   100 0 
  100 0   100 0   100 0   100 0   100 0   100 0   100 0   100 0   100 0   100 0   100 0   100 0   100 0   100 0   100 0   100 0   100 0   100 0   100 0   100 0   100 0   100 0   100 0   100 0   100 0   100 0 
  100 0   100 0   100 0   100 0   100 0   100 0   100 0   100 0   100 0   100 0   100 0   100 0   100 0   100 0   100 0   100 0   100 0   100 0   100 0   100 0   100 0   100 0   100 0   100 0   100 0   100 0 
16179200 16179204 1
